Class,address,age,block,creator,direction,inter_direction,txFee,txhash,txn_type,type,value
1,0x8a8b19e2e114b9edbd87498a02254743bffc3706,1532953624,6059202.0,0xfadb9139a33a4f2fe67d340b6aaef0d04e9d5681,OUT,0,0.0,0xeb86614be16b90d5f4fa432f189448b9b8067338f8fa2a1b5f326b01f39d141e,internal,call,0.0000037505 Ether
1,0x8a8b19e2e114b9edbd87498a02254743bffc3706,1532950083,6058956.0,0xfadb9139a33a4f2fe67d340b6aaef0d04e9d5681,OUT,0,0.0,0x9fd1ba918a92109dddcc5f41cd4956a01e7be1989a83b746c2670317229ccddc,internal,call,0.00005 Ether
1,0x8a8b19e2e114b9edbd87498a02254743bffc3706,1532949973,0.0,0xfadb9139a33a4f2fe67d340b6aaef0d04e9d5681,OUT,0,0.0,0x83fe29cc87b3f401e00636212614b990db46ccb7003d007da892d0bf2ecbecf4,internal,call,0.011830238649234 Ether
1,0x8a8b19e2e114b9edbd87498a02254743bffc3706,1532949877,6058940.0,0xfadb9139a33a4f2fe67d340b6aaef0d04e9d5681,OUT,0,0.0,0xcd9c1b089177fa2de88fa9ac8e4719cc1f947f3a45fb89d8f62a941bcfa7b264,internal,call,0.0000038 Ether
1,0x8a8b19e2e114b9edbd87498a02254743bffc3706,1532949750,6058934.0,0xfadb9139a33a4f2fe67d340b6aaef0d04e9d5681,OUT,0,0.0,0x0e4791d571dc2d180b537cbe26eda5a7c7fe5dad64f6def817235741fad9abf2,internal,call,0.00000775 Ether
1,0x8a8b19e2e114b9edbd87498a02254743bffc3706,1532948982,6058878.0,0xfadb9139a33a4f2fe67d340b6aaef0d04e9d5681,OUT,0,0.0,0xe96ccb52b46702ed72188f569d0a3ab7a2ab4e6bc42a0eca8a8e1664244c6658,internal,call,0.000003754 Ether
1,0x8a8b19e2e114b9edbd87498a02254743bffc3706,1532946207,6058679.0,0xfadb9139a33a4f2fe67d340b6aaef0d04e9d5681,OUT,0,0.0,0x2b7be9ef12f2c2bc78e9f1af809833c3af8530b878ba44f03c3816e2156d02c8,internal,call,0.00025 Ether
1,0x8a8b19e2e114b9edbd87498a02254743bffc3706,1532945780,6058652.0,0xfadb9139a33a4f2fe67d340b6aaef0d04e9d5681,OUT,0,0.0,0x79f518b84b2c991efbe2dc9d9c827391d6e5c05cef9883edfcaecfc559265373,internal,call,0.00150375 Ether
1,0x8a8b19e2e114b9edbd87498a02254743bffc3706,1532945674,6058641.0,0xfadb9139a33a4f2fe67d340b6aaef0d04e9d5681,OUT,0,0.0,0xd73a41fdad0ea08226b28b7803c050f15291e88b3ec597bbd60d4c04c3528b8d,internal,call,0.054517751845954 Ether
1,0x8a8b19e2e114b9edbd87498a02254743bffc3706,1532942143,6058396.0,0xfadb9139a33a4f2fe67d340b6aaef0d04e9d5681,OUT,0,0.0,0x5c47d3166ffd940139321f3db695a5e767cce79b00b7869a04e7c07204fd34c7,internal,call,0.000225 Ether
1,0x8a8b19e2e114b9edbd87498a02254743bffc3706,1532940422,6058276.0,0xfadb9139a33a4f2fe67d340b6aaef0d04e9d5681,OUT,0,0.0,0xd7f09bcbea52ae0b0c0fbc1de39628fb48fde72dc39ac6473fdaeaf7ed32f04a,internal,call,0.000225 Ether
1,0x8a8b19e2e114b9edbd87498a02254743bffc3706,1532938690,6058139.0,0xfadb9139a33a4f2fe67d340b6aaef0d04e9d5681,OUT,0,0.0,0xe46227173b45a735b06531b3b8310c3db80f345874691f6bf1aea1a66ba0d3a7,internal,call,0.0025 Ether
1,0x8a8b19e2e114b9edbd87498a02254743bffc3706,1532938670,6058138.0,0xfadb9139a33a4f2fe67d340b6aaef0d04e9d5681,OUT,0,0.0,0xc8ed78d4f3e0c3f21d2b125b7b0374491bc2f07b62e37e9356e0eb7669639517,internal,call,0.1 Ether
1,0x8a8b19e2e114b9edbd87498a02254743bffc3706,1532938417,6058126.0,0xfadb9139a33a4f2fe67d340b6aaef0d04e9d5681,OUT,0,0.0,0x95530a5687ae5b173eb88a74381861de3920a06b787c3e7625091fe72be7938c,internal,call,0.0050037525 Ether
1,0x8a8b19e2e114b9edbd87498a02254743bffc3706,1532937681,6058086.0,0xfadb9139a33a4f2fe67d340b6aaef0d04e9d5681,OUT,0,0.0,0xac89a917096cc51d539d87754aefb92d40a61d0d409d64b73fdd476ece2aad26,internal,call,0.0005 Ether
1,0x8a8b19e2e114b9edbd87498a02254743bffc3706,1532937369,6058071.0,0xfadb9139a33a4f2fe67d340b6aaef0d04e9d5681,OUT,0,0.0,0x541af56c9477ea20f597c7ba12fd735a1bf3063e9627684f981bf6ebc405e371,internal,call,0.001429043975232 Ether
1,0x8a8b19e2e114b9edbd87498a02254743bffc3706,1532933675,6057809.0,0xfadb9139a33a4f2fe67d340b6aaef0d04e9d5681,OUT,0,0.0,0x51d144b94229bde835ed5fd855cbca44616452baf28a86bea7c8485beb08d15a,internal,call,0.00008270160006 Ether
1,0x8a8b19e2e114b9edbd87498a02254743bffc3706,1532930404,6057585.0,0xfadb9139a33a4f2fe67d340b6aaef0d04e9d5681,OUT,0,0.0,0x81200a758be74d0a6a79aa5b8efe1bf9f337b754c4ed1ff1f29158da57d86d16,internal,call,0.000225 Ether
1,0x8a8b19e2e114b9edbd87498a02254743bffc3706,1532801347,0.0,0xfadb9139a33a4f2fe67d340b6aaef0d04e9d5681,OUT,0,0.0,0x4abd931a0fdbe4625e0dbc0dea205950bcb5590b6e6e184579d4e31b63201ae8,internal,call,0.000086504000301 Ether
1,0x8a8b19e2e114b9edbd87498a02254743bffc3706,1532839015,6048243.0,0xfadb9139a33a4f2fe67d340b6aaef0d04e9d5681,OUT,0,0.0,0xd78e291d17773aafef0eebb001d0033816fbfb43b792a32f78fb29b9382aeaff,internal,call,0.000028256000603 Ether
1,0x8a8b19e2e114b9edbd87498a02254743bffc3706,1532838747,6048226.0,0xfadb9139a33a4f2fe67d340b6aaef0d04e9d5681,OUT,0,0.0,0xc403791dea1798a09e3e3358fd8f0de61beb53050bfa0957084c98a8bc85e4d7,internal,call,0.000225 Ether
1,0x8a8b19e2e114b9edbd87498a02254743bffc3706,1532838478,6048204.0,0xfadb9139a33a4f2fe67d340b6aaef0d04e9d5681,OUT,0,0.0,0x71485764ac4b8e5cb8e4d98d7b67043e5e12535ef0e2a1327cd462b4f02555f9,internal,call,0.000079878 Ether
1,0x8a8b19e2e114b9edbd87498a02254743bffc3706,1532768821,6046331.0,0xfadb9139a33a4f2fe67d340b6aaef0d04e9d5681,OUT,0,0.0,0x6f0cf2321d800cf74198368f217f9f33ef0c539e3156774dbbc0883c9331b729,internal,call,0.000225 Ether
1,0x8a8b19e2e114b9edbd87498a02254743bffc3706,1532768706,6046319.0,0xfadb9139a33a4f2fe67d340b6aaef0d04e9d5681,OUT,0,0.0,0x344e7c8a33ddf48d1c732eafa02a24a76b0861d73e07e0ff7310f13a0dcb9037,internal,call,0.000112515 Ether
1,0x8a8b19e2e114b9edbd87498a02254743bffc3706,1532768475,6046302.0,0xfadb9139a33a4f2fe67d340b6aaef0d04e9d5681,OUT,0,0.0,0xf6be7876d700858660bb9de265a1e58fa1c9957c99ab46b999e53eca3d681572,internal,call,0.0000491275 Ether
1,0x8a8b19e2e114b9edbd87498a02254743bffc3706,1532764699,6046048.0,0xfadb9139a33a4f2fe67d340b6aaef0d04e9d5681,OUT,0,0.0,0x3710c635294f343a61bb795db589d63f5b91fc3aa8361867bcecb296b1297c39,internal,call,0.000112515 Ether
1,0x8a8b19e2e114b9edbd87498a02254743bffc3706,1532764011,6045995.0,0xfadb9139a33a4f2fe67d340b6aaef0d04e9d5681,OUT,0,0.0,0xa2e7de6d4da1c751debdb2bbe037cd2a7599d615456cec003eaad7f8f72a1660,internal,call,0.00007875 Ether
1,0x8a8b19e2e114b9edbd87498a02254743bffc3706,1532763614,6045971.0,0xfadb9139a33a4f2fe67d340b6aaef0d04e9d5681,OUT,0,0.0,0x1ed92cf299ff4672e819b9cf3694c28e48443fa85d50938e1426706e72c8193b,internal,call,0.00002775 Ether
1,0x8a8b19e2e114b9edbd87498a02254743bffc3706,1532762897,6045921.0,0xfadb9139a33a4f2fe67d340b6aaef0d04e9d5681,OUT,0,0.0,0x19fe05ed219cfe0d99b8d44a9bf8444d446d004b9764976ce52e6182f6fabcbc,internal,call,0.00007875 Ether
1,0x8a8b19e2e114b9edbd87498a02254743bffc3706,1532755607,6045423.0,0xfadb9139a33a4f2fe67d340b6aaef0d04e9d5681,OUT,0,0.0,0x48c0138fe70cd901673f7f836bc6de3cb3701497d8273855b7447babbe99120c,internal,call,0.000059625 Ether
1,0x8a8b19e2e114b9edbd87498a02254743bffc3706,1532741025,6044452.0,0xfadb9139a33a4f2fe67d340b6aaef0d04e9d5681,OUT,0,0.0,0xadcaaaa23136b9f46dab837ee9c18b6bea93262aa9c8873314a3b6867d25c255,internal,call,0.0001125 Ether
1,0x8a8b19e2e114b9edbd87498a02254743bffc3706,1532740825,6044437.0,0xfadb9139a33a4f2fe67d340b6aaef0d04e9d5681,OUT,0,0.0,0x712c0473da98acceac629101aed7591d78f2df4df79529d80dd7459d06cf7a68,internal,call,0.000225 Ether
1,0x8a8b19e2e114b9edbd87498a02254743bffc3706,1532740586,6044419.0,0xfadb9139a33a4f2fe67d340b6aaef0d04e9d5681,OUT,0,0.0,0x7114a51a6755668363f0d3a6e812d68f25a392dd472709a4777cd943348c5b9b,internal,call,0.000006375 Ether
1,0x8a8b19e2e114b9edbd87498a02254743bffc3706,1532721726,6043110.0,0xfadb9139a33a4f2fe67d340b6aaef0d04e9d5681,OUT,0,0.0,0x9f6b99d06a1c48dde4a74625d7bc5f060146fdbb7626345fc3edc760cb622e9d,internal,call,0.0000225 Ether
1,0x8a8b19e2e114b9edbd87498a02254743bffc3706,1532718728,6042907.0,0xfadb9139a33a4f2fe67d340b6aaef0d04e9d5681,OUT,0,0.0,0xfca5924eb3d16f5b43c852f8165e48c4c62c90726d88ae37738f43c61ae92439,internal,call,0.000004125 Ether
1,0x8a8b19e2e114b9edbd87498a02254743bffc3706,1532673970,6039790.0,0xfadb9139a33a4f2fe67d340b6aaef0d04e9d5681,OUT,0,0.0,0x311232c66dce6d12aec82b968c7b65798e994030f68cc45f0d56114267649d49,internal,call,0.000004125 Ether
1,0x8a8b19e2e114b9edbd87498a02254743bffc3706,1532707395,6039117.0,0xfadb9139a33a4f2fe67d340b6aaef0d04e9d5681,OUT,0,0.0,0xcc73e11cd8fc80646591cea4a963a0fc75e608e5f41bab528e79792402ef1ee4,internal,call,0.00000375 Ether
1,0x8a8b19e2e114b9edbd87498a02254743bffc3706,1532640121,6037490.0,0xfadb9139a33a4f2fe67d340b6aaef0d04e9d5681,OUT,0,0.0,0x8f330c2d08e095a3e498d405b91cca2534998ee1e4b649900ba2c8daa791de98,internal,call,0.00001125 Ether
1,0x8a8b19e2e114b9edbd87498a02254743bffc3706,1532637020,6037283.0,0xfadb9139a33a4f2fe67d340b6aaef0d04e9d5681,OUT,0,0.0,0xdf5c536990c76786d179a2e7d525de0623d973a66d608e4520d9e1e39338ef5a,internal,call,0.0000225 Ether
